1	14
10	10
100	11
11	9
12	12
13	7
14	10
15	12
16	12
17	13
18	10
19	7
2	9
20	10
21	9
22	7
23	8
24	10
25	11
26	11
27	10
28	11
29	8
3	13
30	8
31	8
32	13
33	10
34	8
35	9
36	10
37	9
38	12
39	16
4	12
40	10
41	9
42	10
43	11
44	10
45	11
46	8
47	9
48	8
49	8
5	10
50	9
51	9
52	11
53	8
54	8
55	10
56	11
57	8
58	7
59	7
6	7
60	18
61	12
62	8
63	8
64	11
65	13
66	10
67	8
68	9
69	10
7	7
70	11
71	11
72	10
73	13
74	12
75	12
76	13
77	9
78	13
79	8
8	9
80	14
81	11
82	9
83	9
84	11
85	7
86	9
87	8
88	9
89	10
9	10
90	9
91	11
92	12
93	8
94	8
95	13
96	11
97	10
98	8
99	10
