1 25	1
10 38	1
100 35	1
100 61	1
100 69	1
100 87	1
100 9	1
12 1	1
12 69	1
12 93	1
13 47	2
13 55	1
13 89	1
13 93	1
13 97	1
14 83	1
15 52	1
16 18	1
16 91	1
18 1	1
18 71	1
19 48	1
2 10	1
2 52	1
2 6	1
2 7	1
2 82	1
2 87	1
20 11	1
20 65	1
20 71	1
20 80	1
21 37	1
22 10	1
22 53	1
22 77	1
23 21	1
23 43	1
24 35	1
24 73	1
25 3	1
25 55	1
26 34	1
26 77	1
27 14	1
27 84	1
28 36	1
28 54	1
29 31	1
29 33	1
29 8	1
29 88	1
30 24	1
32 77	1
33 73	1
33 81	1
33 96	1
34 7	1
34 87	1
35 32	1
35 8	1
37 25	1
37 58	1
39 21	1
4 38	1
4 84	1
40 20	1
40 39	1
40 50	1
42 32	1
42 91	1
43 52	1
43 71	1
43 86	1
44 11	1
44 45	1
44 94	1
45 36	1
45 46	1
45 50	1
46 33	1
46 52	1
46 65	1
46 66	1
47 95	1
48 31	1
48 53	1
48 64	1
48 67	1
49 39	1
49 94	1
51 83	1
52 33	1
54 92	1
55 92	1
56 29	1
56 96	1
57 24	1
57 26	1
57 31	1
57 39	1
57 45	1
58 22	1
58 63	1
58 82	1
58 98	1
59 72	1
6 36	1
6 53	1
6 96	1
6 97	1
60 55	1
61 4	2
61 40	1
61 68	1
63 34	1
63 40	1
63 85	1
64 59	1
66 57	1
66 67	1
66 95	1
68 29	1
69 38	1
7 3	1
7 68	1
7 78	1
70 8	1
70 85	1
71 98	1
72 63	1
73 32	1
73 67	1
74 88	1
75 13	1
75 25	1
75 3	1
75 33	1
75 48	1
75 90	1
76 38	1
76 77	1
76 96	1
77 17	1
77 70	1
78 12	1
79 5	1
79 57	1
79 7	1
79 80	1
8 28	1
8 65	1
80 41	1
80 42	1
81 21	1
81 4	1
81 78	1
82 65	1
82 73	1
83 89	1
84 91	1
85 64	1
86 40	1
86 71	1
87 33	1
87 40	1
88 52	1
91 23	1
91 43	1
91 6	1
92 13	1
92 21	1
93 43	1
93 65	1
94 77	1
95 21	1
95 37	1
95 57	1
96 100	1
96 25	1
96 35	1
96 4	1
97 23	1
97 76	1
98 10	1
98 18	1
98 4	2
98 44	1
98 50	1
98 81	1
99 22	1
99 47	1
99 52	1
99 55	1
99 70	1
99 74	1
99 78	1
